<?xml version="1.0"?>
<opencv_storage>
<meta>
  <params>1</params></meta>
<data>
  <test>
    <detector>AKAZE</detector>
    <descriptor>AKAZE</descriptor>
    <alteration>noise</alteration>
    <results type_id="opencv-matrix">
      <rows>10</rows>
      <cols>1</cols>
      <dt>f</dt>
      <data>
        9.09090936e-01 7.54021168e-01 7.54021168e-01 7.95898139e-01 0.
        2.73754565e+03 2.79381836e+03 2.73754565e+03 2284.
        2.60063647e+03</data></results></test>
  <test>
    <detector>AKAZE</detector>
    <descriptor>AKAZE</descriptor>
    <alteration>transf</alteration>
    <results type_id="opencv-matrix">
      <rows>10</rows>
      <cols>1</cols>
      <dt>f</dt>
      <data>
        9.09090936e-01 7.50047028e-01 7.50047028e-01 7.97159374e-01 0.
        2.73754565e+03 2.77972729e+03 2.73754565e+03 2.27336377e+03
        2.57863647e+03</data></results></test>
  <test>
    <detector>AKAZE</detector>
    <descriptor>ORB</descriptor>
    <alteration>noise</alteration>
    <results type_id="opencv-matrix">
      <rows>10</rows>
      <cols>1</cols>
      <dt>f</dt>
      <data>
        9.09090936e-01 8.19371104e-01 8.19371104e-01 8.67811501e-01 0.
        2.70809106e+03 2746. 2.70809106e+03 2450. 2.56063647e+03</data></results></test>
  <test>
    <detector>AKAZE</detector>
    <descriptor>ORB</descriptor>
    <alteration>transf</alteration>
    <results type_id="opencv-matrix">
      <rows>10</rows>
      <cols>1</cols>
      <dt>f</dt>
      <data>
        9.09090936e-01 8.20109665e-01 8.20109665e-01 8.68552089e-01 0.
        2.70809106e+03 2.74536377e+03 2.70809106e+03 2.45245459e+03
        2.55963647e+03</data></results></test></data>
</opencv_storage>
